n = 100
Sharp Sensor
All values in cm
===========
Stdev: 0.45
Average: 10.27
Max: 11
Min: 10
------------
Values
10.00
10.00
10.00
10.00
10.00
10.00
10.00
10.00
10.00
10.00
10.00
10.00
10.00
10.00
10.00
10.00
11.00
11.00
11.00
11.00
11.00
11.00
11.00
11.00
11.00
11.00
11.00
11.00
11.00
11.00
11.00
11.00
11.00
11.00
11.00
11.00
11.00
11.00
11.00
11.00
11.00
11.00
10.00
10.00
10.00
10.00
10.00
10.00
10.00
10.00
10.00
10.00
10.00
10.00
10.00
10.00
10.00
10.00
10.00
10.00
10.00
10.00
10.00
10.00
10.00
10.00
10.00
10.00
10.00
10.00
10.00
10.00
10.00
10.00
10.00
10.00
10.00
10.00
10.00
10.00
10.00
10.00
10.00
10.00
10.00
10.00
10.00
10.00
10.00
10.00
10.00
10.00
10.00
10.00
10.00
10.00
10.00
10.00
10.00
11.00
------------
===========
n = 100
Ultrasonic Sensor
All values in cm
===========
Stdev: 0.97
Average: 0.63
Max: 8
Min: 0
------------
Values
8.00
4.00
0.00
0.00
1.00
0.00
0.00
1.00
0.00
2.00
0.00
1.00
0.00
1.00
0.00
1.00
0.00
1.00
1.00
0.00
1.00
0.00
1.00
0.00
1.00
0.00
1.00
0.00
1.00
0.00
1.00
0.00
1.00
0.00
1.00
0.00
1.00
0.00
1.00
0.00
1.00
0.00
0.00
1.00
0.00
1.00
1.00
1.00
1.00
1.00
0.00
1.00
1.00
1.00
1.00
1.00
1.00
0.00
1.00
0.00
1.00
0.00
1.00
0.00
1.00
1.00
0.00
1.00
0.00
0.00
0.00
0.00
1.00
0.00
1.00
0.00
1.00
0.00
1.00
0.00
1.00
0.00
1.00
0.00
1.00
0.00
1.00
0.00
0.00
0.00
1.00
0.00
0.00
1.00
0.00
1.00
0.00
1.00
0.00
1.00
------------
===========
