n = 100
Sharp Sensor
All values in cm
===========
Stdev: 0.38
Average: 14.93
Max: 16
Min: 13
------------
Values
14.00
15.00
15.00
15.00
15.00
14.00
15.00
15.00
15.00
15.00
15.00
15.00
15.00
15.00
15.00
15.00
16.00
15.00
15.00
15.00
15.00
14.00
15.00
15.00
15.00
15.00
14.00
15.00
15.00
15.00
15.00
15.00
15.00
15.00
15.00
15.00
15.00
16.00
15.00
15.00
15.00
15.00
14.00
15.00
15.00
15.00
15.00
14.00
15.00
15.00
15.00
15.00
15.00
15.00
15.00
15.00
15.00
15.00
16.00
15.00
15.00
15.00
15.00
14.00
15.00
15.00
15.00
15.00
14.00
15.00
15.00
15.00
15.00
13.00
15.00
15.00
15.00
15.00
15.00
15.00
15.00
15.00
15.00
15.00
15.00
15.00
15.00
15.00
15.00
15.00
15.00
15.00
15.00
15.00
15.00
15.00
15.00
15.00
15.00
15.00
------------
===========
n = 100
Ultrasonic Sensor
All values in cm
===========
Stdev: 0.58
Average: 14.70
Max: 15
Min: 12
------------
Values
13.00
12.00
13.00
13.00
15.00
15.00
14.00
15.00
15.00
14.00
15.00
14.00
14.00
15.00
15.00
15.00
15.00
14.00
15.00
15.00
14.00
15.00
15.00
15.00
15.00
15.00
15.00
15.00
15.00
15.00
15.00
15.00
14.00
14.00
15.00
15.00
15.00
15.00
14.00
15.00
15.00
15.00
15.00
15.00
15.00
14.00
14.00
15.00
14.00
15.00
15.00
14.00
15.00
15.00
15.00
15.00
15.00
15.00
15.00
15.00
14.00
15.00
15.00
15.00
15.00
15.00
14.00
15.00
15.00
14.00
15.00
14.00
14.00
15.00
15.00
15.00
15.00
15.00
15.00
15.00
14.00
15.00
15.00
15.00
15.00
15.00
15.00
15.00
14.00
15.00
15.00
15.00
15.00
14.00
15.00
15.00
15.00
15.00
15.00
15.00
------------
===========
