distance = 160 cm
n = 100
Sharp Sensor
All values in cm
===========
Stdev: 80.38
Average: 252.22
Max: 960
Min: 102
------------
Values
252
252
266
252
300
102
252
252
252
252
137
252
252
252
266
165
252
252
252
252
252
266
252
252
252
252
252
252
252
252
240
252
252
252
252
252
252
252
252
252
252
252
252
240
266
252
252
252
252
252
252
252
252
252
252
252
252
240
252
252
252
252
252
111
252
252
252
252
160
240
252
266
252
960
228
252
266
252
252
102
252
252
252
252
154
252
266
266
252
171
240
266
252
252
400
228
252
266
252
252
------------
===========
n = 100
Ultrasonic Sensor
All values in cm
===========
Stdev: 3.97
Average: 154.55
Max: 158
Min: 133
------------
Values
149
151
156
154
157
148
157
152
157
150
155
157
157
150
156
149
157
150
158
157
156
158
150
156
157
157
150
157
147
156
154
157
156
156
153
156
151
157
157
150
156
147
157
157
150
157
157
156
156
156
157
158
157
156
157
153
157
157
157
157
158
148
157
151
156
145
157
150
156
157
157
157
157
150
156
157
133
156
158
157
153
156
158
157
158
157
156
158
157
157
150
156
150
156
150
158
148
157
157
150
------------
===========
