distance = 200 cm
n = 100
Sharp Sensor
All values in cm
===========
Stdev: 220.63
Average: 319.90
Max: 2400
Min: 0
------------
Values
342
320
320
320
320
320
320
320
300
320
320
320
300
320
320
320
320
320
320
320
342
320
320
320
320
320
320
320
300
320
320
320
320
320
320
320
320
300
320
320
117
320
320
320
320
0
282
320
320
320
320
117
300
320
320
320
266
300
320
342
320
400
111
320
320
320
320
171
320
320
300
320
2400
300
320
320
320
342
137
320
320
342
342
177
320
320
320
320
342
111
320
320
342
320
165
320
320
320
320
0
------------
===========
n = 100
Ultrasonic Sensor
All values in cm
===========
Stdev: 15.84
Average: 192.05
Max: 200
Min: 125
------------
Values
190
198
198
198
199
198
198
128
198
198
198
198
197
198
194
198
200
198
198
198
165
198
198
198
198
198
200
199
198
198
151
198
198
198
199
198
199
125
198
198
197
199
185
200
198
198
198
198
197
197
197
193
197
198
139
198
193
197
142
198
158
198
197
198
197
198
198
197
196
199
198
155
198
198
198
198
198
199
198
198
198
198
199
199
198
198
198
198
170
161
161
198
198
198
200
198
181
198
198
173
------------
===========
