distance = 20 cm
n = 100
Sharp Sensor
All values in cm
===========
Stdev: 0.51
Average: 21.00
Max: 22
Min: 19
------------
Values
20
22
21
22
21
21
21
21
22
22
22
21
21
21
21
21
21
21
21
21
22
21
21
21
21
21
21
21
21
21
21
21
21
21
21
21
21
21
21
21
21
21
21
21
21
21
21
21
21
21
21
21
21
21
21
21
21
21
19
21
21
21
21
20
21
21
21
21
22
21
21
21
21
21
19
21
21
21
22
20
21
21
21
21
20
21
22
21
21
22
21
21
21
21
21
19
21
21
21
21
------------
===========
n = 100
Ultrasonic Sensor
All values in cm
===========
Stdev: 0.37
Average: 19.89
Max: 20
Min: 18
------------
Values
18
18
19
20
20
20
20
20
20
20
20
20
20
20
20
20
20
20
20
20
20
20
20
20
20
20
20
20
20
20
20
20
20
20
20
20
20
20
20
20
20
20
20
19
20
20
20
19
20
20
20
20
20
19
20
20
20
20
20
19
20
20
20
20
20
20
20
20
20
20
20
20
20
20
20
20
20
20
20
20
20
20
20
20
19
20
20
20
20
20
20
20
20
19
20
20
20
20
20
20
------------
===========
