distance = 225 cm
n = 100
Sharp Sensor
All values in cm
===========
Stdev: nan
Average: 4037268480.00
Max: 4294967056
Min: 320
------------
Values
4294966927
4294967056
4294966860
4294966896
4294966896
4294966896
4294966896
320
4294966927
4294966896
4294966896
4294966896
4294962496
4294966860
4294966896
4294966896
4294966896
4294965696
4294966860
4294966896
4294966896
4294966896
4294967056
4294966816
4294966860
4294966896
4294966896
4294966896
342
4294966860
4294966896
4294966896
4294966896
4294962496
4294966896
4294966896
4294966896
4294966896
4294966816
4294966860
4294966896
4294966896
4294966896
4294967056
4294966763
4294966896
4294966896
4294966896
4294966896
436
4294966896
4294966896
4294966896
4294966896
4294962496
4294966896
4294966896
4294966896
4294966896
4294967056
4294966816
4294966896
4294966896
4294966927
4294966896
4294966927
4294966896
4294966896
4294966896
4294966927
436
4294966896
4294966896
4294966896
4294966896
4294964896
4294966860
4294966896
4294966896
4294966896
4294967056
4294966860
4294966927
4294966896
4294966896
4294966954
320
4294966896
4294966896
4294966896
4294966896
1600
4294966860
4294966896
4294966896
4294966896
4294965696
4294966860
4294966896
4294966896
------------
===========
n = 100
Ultrasonic Sensor
All values in cm
===========
Stdev: 35.79
Average: 117.51
Max: 222
Min: 84
------------
Values
214
222
220
221
221
221
218
212
220
221
128
85
127
85
128
84
128
85
126
87
126
86
126
86
126
88
124
88
123
90
121
91
121
92
119
93
119
93
119
94
117
95
117
96
116
96
116
97
115
98
115
96
116
97
115
97
114
98
114
98
114
99
113
99
113
99
112
101
111
102
110
103
111
101
110
102
110
102
110
103
109
103
108
104
108
105
106
106
106
106
106
108
104
109
103
108
105
108
103
110
------------
===========
