distance = 250 cm
n = 100
Sharp Sensor
All values in cm
===========
Stdev: nan
Average: 4166117888.00
Max: 4294967056
Min: 533
------------
Values
4294967030
4294967030
4294966336
4294966996
4294966996
4294967030
4294967014
4294966696
4294966996
4294967014
4294967030
4294967014
4294967056
4294966996
4294967014
4294967014
4294967014
4294967030
533
4294967014
4294967014
4294967014
4294967014
4294966336
4294966996
4294967014
4294967030
4294967014
4294966696
4294966996
4294967014
4294967014
4294967030
4294967056
4294966976
4294967014
4294967014
4294967014
4294967014
533
4294966996
4294967014
4294967014
4294967030
4294966336
4294966996
4294967014
4294967014
4294967014
4294966696
4294966996
4294967014
4294967014
4294967014
4294967056
4294966976
4294967014
4294967014
4294967014
4294967014
533
4294966996
4294967014
4294967014
4294967014
4294967014
4294967014
4294967014
4294967014
4294967014
4294967030
4294967030
4294967030
4294967014
4294967014
4294967014
4294967014
4294966996
4294967014
4294966996
4294967014
4294967014
4294967014
4294967014
4294967014
4294967014
4294967014
4294967014
4294967014
4294967014
4294967014
4294967014
4294967014
4294967014
4294967014
4294967014
4294967014
4294967030
4294967014
4294967014
------------
===========
n = 100
Ultrasonic Sensor
All values in cm
===========
Stdev: 3.90
Average: 116.91
Max: 125
Min: 109
------------
Values
114
111
123
111
123
111
123
111
122
111
124
109
125
109
125
109
124
111
123
111
123
110
123
110
124
110
123
111
122
113
120
114
120
114
120
114
120
114
120
114
120
114
121
113
121
113
121
114
119
114
119
116
118
115
118
116
118
116
118
116
118
116
118
116
118
117
117
117
116
119
115
119
114
119
116
117
117
118
116
118
117
118
116
117
117
118
116
119
116
118
117
117
117
116
117
116
117
117
117
118
------------
===========
