distance = 300 cm
n = 100
Sharp Sensor
All values in cm
===========
Stdev: nan
Average: 4080218624.00
Max: 4294967056
Min: 369
------------
Values
4294967014
4294966996
4294966996
4294966496
4294966954
4294966996
4294966996
4294966996
4294967056
4294966954
4294966996
4294966996
4294966996
4294966996
436
4294966976
4294966996
4294966996
4294966996
1600
4294966976
4294966996
4294966976
4294966996
4294966996
4294966954
4294966954
4294966954
4294966954
4294966954
4294966976
4294966954
4294966954
4294966954
4294966954
4294966954
4294966954
4294966954
4294966954
4294966954
4294966927
4294966954
4294966954
4294966976
4294966954
4294966954
4294966927
4294966954
4294966954
4294966954
4294966976
4294966954
4294966954
4294966954
4294966954
4294966954
4294966954
4294966954
4294966954
4294966954
4294966954
4294966954
4294966954
4294966954
4294966954
4294966954
4294965696
4294966927
4294966954
4294966954
4294966954
4294967056
4294966860
4294966954
4294966976
4294966954
4294966954
436
4294966954
4294966954
4294966954
4294966954
4294966096
4294966927
4294966976
4294966954
4294966954
4294967056
4294966896
4294966954
4294966954
4294966954
4294966996
369
4294966927
4294966976
4294966954
4294966954
1600
4294966927
------------
===========
n = 100
Ultrasonic Sensor
All values in cm
===========
Stdev: 26.44
Average: 147.00
Max: 296
Min: 133
------------
Values
287
296
295
152
134
137
148
137
149
136
149
136
150
137
149
135
150
136
148
136
149
136
150
135
150
134
151
134
151
136
150
135
150
136
150
135
136
150
137
148
137
148
138
133
152
134
151
134
152
135
150
135
137
149
137
148
137
148
137
149
137
149
136
149
137
148
137
148
137
150
136
149
138
147
139
147
140
146
139
146
140
145
140
146
140
145
140
145
140
146
139
146
139
146
141
144
141
145
142
144
------------
===========
