distance = 40 cm
n = 100
Sharp Sensor
All values in cm
===========
Stdev: 2.63
Average: 41.54
Max: 48
Min: 34
------------
Values
42
34
42
42
42
42
38
42
42
42
42
48
42
42
42
42
42
39
42
42
42
42
34
42
42
42
42
37
42
42
42
42
48
42
42
42
42
42
34
42
42
42
42
35
42
42
42
42
38
42
43
43
42
48
42
42
42
42
42
34
42
42
42
42
34
42
42
42
42
38
42
42
42
42
47
42
42
42
42
44
41
42
42
42
42
34
42
42
42
42
38
42
42
43
42
48
42
42
42
42
------------
===========
n = 100
Ultrasonic Sensor
All values in cm
===========
Stdev: 0.60
Average: 38.87
Max: 39
Min: 35
------------
Values
35
35
39
39
39
39
39
39
39
39
39
39
39
39
39
39
39
39
39
39
39
39
39
39
39
39
39
39
39
39
39
39
39
39
39
39
39
39
39
39
39
39
39
39
39
39
39
38
39
39
38
39
39
39
39
38
39
39
39
39
39
39
39
39
39
39
39
39
39
39
39
39
39
39
39
39
39
39
39
39
39
38
39
39
39
39
39
39
39
39
39
39
39
39
39
39
39
39
39
38
------------
===========
