distance = 4 cm
n = 200
Sharp Sensor
All values in cm
===========
Stdev: 0.31
Average: 7.89
Max: 8
Min: 7
------------
Values
8
8
8
8
7
8
8
8
8
7
8
8
8
8
7
8
8
8
8
8
8
8
8
8
8
8
8
8
8
8
7
8
8
8
8
7
8
8
8
8
8
8
8
8
8
8
8
8
8
8
8
7
8
8
8
8
7
8
8
8
8
8
8
8
8
8
8
8
8
8
8
8
7
8
8
8
8
7
8
8
8
8
8
8
8
8
8
8
8
8
8
8
8
7
8
8
8
8
7
8
------------
===========
n = 200
Ultrasonic Sensor
All values in cm
===========
Stdev: 0.45
Average: 3.72
Max: 4
Min: 3
------------
Values
4
4
4
3
4
4
3
4
4
3
4
3
4
4
4
4
4
4
4
4
4
4
3
4
4
3
4
4
4
4
3
4
3
4
4
3
4
3
4
3
4
4
4
3
4
3
4
4
4
4
4
3
4
4
4
4
4
3
3
4
4
3
4
4
4
4
3
4
3
4
3
4
4
4
3
3
4
4
3
4
4
3
4
3
4
4
4
4
4
4
4
4
3
4
3
4
4
3
4
4
------------
===========
