
Testing...
n = 100
Sharp Sensor
All values in cm
===========
Stdev: 0.92
Average: 18.64
Max: 19
Min: 16
------------
Values
19.00
19.00
19.00
17.00
19.00
19.00
19.00
19.00
16.00
19.00
19.00
19.00
19.00
16.00
19.00
19.00
19.00
19.00
19.00
19.00
19.00
19.00
19.00
19.00
17.00
19.00
19.00
19.00
19.00
16.00
19.00
19.00
19.00
19.00
16.00
19.00
19.00
19.00
19.00
19.00
19.00
19.00
19.00
19.00
19.00
17.00
19.00
19.00
19.00
19.00
16.00
19.00
19.00
19.00
19.00
16.00
19.00
19.00
19.00
19.00
19.00
19.00
19.00
19.00
19.00
19.00
17.00
19.00
19.00
19.00
19.00
17.00
19.00
19.00
19.00
19.00
16.00
19.00
19.00
19.00
19.00
19.00
19.00
19.00
19.00
19.00
19.00
19.00
19.00
19.00
19.00
19.00
17.00
19.00
19.00
19.00
19.00
16.00
19.00
19.00
------------
===========
n = 100
Ultrasonic Sensor
All values in cm
===========
Stdev: 7.84
Average: 56.01
Max: 58
Min: 3
------------
Values
3.00
41.00
4.00
44.00
57.00
57.00
57.00
57.00
58.00
58.00
58.00
58.00
57.00
58.00
57.00
57.00
57.00
57.00
57.00
58.00
58.00
58.00
58.00
58.00
58.00
57.00
57.00
57.00
57.00
57.00
58.00
58.00
58.00
58.00
57.00
57.00
57.00
57.00
57.00
58.00
58.00
57.00
57.00
57.00
58.00
57.00
57.00
58.00
57.00
57.00
57.00
58.00
58.00
57.00
58.00
57.00
57.00
58.00
57.00
57.00
57.00
57.00
57.00
57.00
58.00
57.00
57.00
57.00
58.00
58.00
57.00
57.00
57.00
58.00
57.00
58.00
58.00
57.00
57.00
58.00
58.00
58.00
58.00
57.00
57.00
57.00
58.00
57.00
57.00
58.00
57.00
58.00
57.00
58.00
57.00
57.00
57.00
57.00
57.00
57.00
------------
===========
