distance = 80 cm
n = 100
Sharp Sensor
All values in cm
===========
Stdev: 8.30
Average: 99.41
Max: 109
Min: 64
------------
Values
104
102
71
102
102
102
102
80
100
102
100
102
109
96
102
102
102
100
65
102
102
102
102
80
102
104
102
102
109
97
100
102
102
102
64
102
102
102
102
78
102
102
102
102
102
102
102
102
100
100
100
100
102
102
102
102
100
102
100
102
100
102
100
102
102
102
102
102
102
102
102
102
100
102
102
102
102
100
102
102
102
102
102
102
102
102
100
65
102
102
100
102
80
100
102
102
102
109
96
102
------------
===========
n = 100
Ultrasonic Sensor
All values in cm
===========
Stdev: 0.71
Average: 76.92
Max: 77
Min: 70
------------
Values
70
77
77
77
77
77
77
77
77
77
77
77
77
77
77
77
77
77
77
77
77
77
77
77
77
77
77
77
77
77
77
77
77
77
77
77
77
77
77
77
77
77
77
77
77
77
77
77
77
77
77
77
77
77
77
77
77
77
77
77
77
77
77
77
77
77
77
77
77
77
77
77
77
77
77
77
77
77
77
77
77
77
77
77
77
77
77
77
77
77
76
77
77
77
77
77
77
77
77
77
------------
===========
