distance = 8 cm
n = 100
Sharp Sensor
All values in cm
===========
Stdev: 0.35
Average: 8.86
Max: 9
Min: 8
------------
Values
9
9
9
9
9
9
9
9
9
9
9
9
9
9
9
9
9
9
9
9
9
9
9
9
9
9
9
9
9
9
9
9
9
8
9
9
9
9
9
8
9
9
9
9
8
9
9
9
9
8
9
9
9
9
8
9
9
9
9
8
8
9
9
9
9
8
9
9
9
9
8
9
9
9
9
8
9
9
9
9
9
8
9
9
9
9
8
9
9
9
9
8
9
9
9
9
8
9
9
9
------------
===========
n = 100
Ultrasonic Sensor
All values in cm
===========
Stdev: 2.00
Average: 5.37
Max: 8
Min: 1
------------
Values
7
7
7
2
5
3
4
7
8
4
7
5
7
3
7
2
4
5
7
3
8
2
7
2
7
7
8
2
4
7
8
8
8
8
8
3
7
2
7
2
7
2
7
4
7
4
7
3
7
5
1
8
2
4
7
8
4
7
4
7
5
7
4
7
4
7
3
7
4
7
4
7
4
7
5
7
4
7
3
3
4
7
4
7
5
6
3
6
6
6
7
3
7
4
7
4
7
5
7
2
------------
===========
