distance = 8 cm
n = 100
Sharp Sensor
All values in cm
===========
Stdev: 0.35
Average: 8.86
Max: 9
Min: 8
------------
Values
9
9
9
9
9
9
9
9
9
9
9
9
9
9
9
9
9
9
9
9
9
9
9
9
9
9
9
9
9
9
9
9
9
8
9
9
9
9
9
8
9
9
9
9
8
9
9
9
9
8
9
9
9
9
8
9
9
9
9
8
8
9
9
9
9
8
9
9
9
9
8
9
9
9
9
8
9
9
9
9
9
8
9
9
9
9
8
9
9
9
9
8
9
9
9
9
8
9
9
9
------------
===========
n = 100
Ultrasonic Sensor
All values in cm
===========
Stdev: 2.00
Average: 5.37
Max: 8
Min: 1
------------
Values
7
7
7
2
5
3
4
7
8
4
7
5
7
3
7
2
4
5
7
3
8
2
7
2
7
7
8
2
4
7
8
8
8
8
8
3
7
2
7
2
7
2
7
4
7
4
7
3
7
5
1
8
2
4
7
8
4
7
4
7
5
7
4
7
4
7
3
7
4
7
4
7
4
7
5
7
4
7
3
3
4
7
4
7
5
6
3
6
6
6
7
3
7
4
7
4
7
5
7
2
------------
===========
distance = 20 cm
n = 100
Sharp Sensor
All values in cm
===========
Stdev: 0.51
Average: 21.00
Max: 22
Min: 19
------------
Values
20
22
21
22
21
21
21
21
22
22
22
21
21
21
21
21
21
21
21
21
22
21
21
21
21
21
21
21
21
21
21
21
21
21
21
21
21
21
21
21
21
21
21
21
21
21
21
21
21
21
21
21
21
21
21
21
21
21
19
21
21
21
21
20
21
21
21
21
22
21
21
21
21
21
19
21
21
21
22
20
21
21
21
21
20
21
22
21
21
22
21
21
21
21
21
19
21
21
21
21
------------
===========
n = 100
Ultrasonic Sensor
All values in cm
===========
Stdev: 0.37
Average: 19.89
Max: 20
Min: 18
------------
Values
18
18
19
20
20
20
20
20
20
20
20
20
20
20
20
20
20
20
20
20
20
20
20
20
20
20
20
20
20
20
20
20
20
20
20
20
20
20
20
20
20
20
20
19
20
20
20
19
20
20
20
20
20
19
20
20
20
20
20
19
20
20
20
20
20
20
20
20
20
20
20
20
20
20
20
20
20
20
20
20
20
20
20
20
19
20
20
20
20
20
20
20
20
19
20
20
20
20
20
20
------------
===========
distance = 40 cm
n = 100
Sharp Sensor
All values in cm
===========
Stdev: 2.63
Average: 41.54
Max: 48
Min: 34
------------
Values
42
34
42
42
42
42
38
42
42
42
42
48
42
42
42
42
42
39
42
42
42
42
34
42
42
42
42
37
42
42
42
42
48
42
42
42
42
42
34
42
42
42
42
35
42
42
42
42
38
42
43
43
42
48
42
42
42
42
42
34
42
42
42
42
34
42
42
42
42
38
42
42
42
42
47
42
42
42
42
44
41
42
42
42
42
34
42
42
42
42
38
42
42
43
42
48
42
42
42
42
------------
===========
n = 100
Ultrasonic Sensor
All values in cm
===========
Stdev: 0.60
Average: 38.87
Max: 39
Min: 35
------------
Values
35
35
39
39
39
39
39
39
39
39
39
39
39
39
39
39
39
39
39
39
39
39
39
39
39
39
39
39
39
39
39
39
39
39
39
39
39
39
39
39
39
39
39
39
39
39
39
38
39
39
38
39
39
39
39
38
39
39
39
39
39
39
39
39
39
39
39
39
39
39
39
39
39
39
39
39
39
39
39
39
39
38
39
39
39
39
39
39
39
39
39
39
39
39
39
39
39
39
39
38
------------
===========
distance = 80 cm
n = 100
Sharp Sensor
All values in cm
===========
Stdev: 8.30
Average: 99.41
Max: 109
Min: 64
------------
Values
104
102
71
102
102
102
102
80
100
102
100
102
109
96
102
102
102
100
65
102
102
102
102
80
102
104
102
102
109
97
100
102
102
102
64
102
102
102
102
78
102
102
102
102
102
102
102
102
100
100
100
100
102
102
102
102
100
102
100
102
100
102
100
102
102
102
102
102
102
102
102
102
100
102
102
102
102
100
102
102
102
102
102
102
102
102
100
65
102
102
100
102
80
100
102
102
102
109
96
102
------------
===========
n = 100
Ultrasonic Sensor
All values in cm
===========
Stdev: 0.71
Average: 76.92
Max: 77
Min: 70
------------
Values
70
77
77
77
77
77
77
77
77
77
77
77
77
77
77
77
77
77
77
77
77
77
77
77
77
77
77
77
77
77
77
77
77
77
77
77
77
77
77
77
77
77
77
77
77
77
77
77
77
77
77
77
77
77
77
77
77
77
77
77
77
77
77
77
77
77
77
77
77
77
77
77
77
77
77
77
77
77
77
77
77
77
77
77
77
77
77
77
77
77
76
77
77
77
77
77
77
77
77
77
------------
===========
distance = 160 cm
n = 100
Sharp Sensor
All values in cm
===========
Stdev: 80.38
Average: 252.22
Max: 960
Min: 102
------------
Values
252
252
266
252
300
102
252
252
252
252
137
252
252
252
266
165
252
252
252
252
252
266
252
252
252
252
252
252
252
252
240
252
252
252
252
252
252
252
252
252
252
252
252
240
266
252
252
252
252
252
252
252
252
252
252
252
252
240
252
252
252
252
252
111
252
252
252
252
160
240
252
266
252
960
228
252
266
252
252
102
252
252
252
252
154
252
266
266
252
171
240
266
252
252
400
228
252
266
252
252
------------
===========
n = 100
Ultrasonic Sensor
All values in cm
===========
Stdev: 3.97
Average: 154.55
Max: 158
Min: 133
------------
Values
149
151
156
154
157
148
157
152
157
150
155
157
157
150
156
149
157
150
158
157
156
158
150
156
157
157
150
157
147
156
154
157
156
156
153
156
151
157
157
150
156
147
157
157
150
157
157
156
156
156
157
158
157
156
157
153
157
157
157
157
158
148
157
151
156
145
157
150
156
157
157
157
157
150
156
157
133
156
158
157
153
156
158
157
158
157
156
158
157
157
150
156
150
156
150
158
148
157
157
150
------------
===========
distance = 200 cm
n = 100
Sharp Sensor
All values in cm
===========
Stdev: 220.63
Average: 319.90
Max: 2400
Min: 0
------------
Values
342
320
320
320
320
320
320
320
300
320
320
320
300
320
320
320
320
320
320
320
342
320
320
320
320
320
320
320
300
320
320
320
320
320
320
320
320
300
320
320
117
320
320
320
320
0
282
320
320
320
320
117
300
320
320
320
266
300
320
342
320
400
111
320
320
320
320
171
320
320
300
320
2400
300
320
320
320
342
137
320
320
342
342
177
320
320
320
320
342
111
320
320
342
320
165
320
320
320
320
0
------------
===========
n = 100
Ultrasonic Sensor
All values in cm
===========
Stdev: 15.84
Average: 192.05
Max: 200
Min: 125
------------
Values
190
198
198
198
199
198
198
128
198
198
198
198
197
198
194
198
200
198
198
198
165
198
198
198
198
198
200
199
198
198
151
198
198
198
199
198
199
125
198
198
197
199
185
200
198
198
198
198
197
197
197
193
197
198
139
198
193
197
142
198
158
198
197
198
197
198
198
197
196
199
198
155
198
198
198
198
198
199
198
198
198
198
199
199
198
198
198
198
170
161
161
198
198
198
200
198
181
198
198
173
------------
===========
distance = 300 cm
n = 100
Sharp Sensor
All values in cm
===========
Stdev: nan
Average: 4080218624.00
Max: 4294967056
Min: 369
------------
Values
4294967014
4294966996
4294966996
4294966496
4294966954
4294966996
4294966996
4294966996
4294967056
4294966954
4294966996
4294966996
4294966996
4294966996
436
4294966976
4294966996
4294966996
4294966996
1600
4294966976
4294966996
4294966976
4294966996
4294966996
4294966954
4294966954
4294966954
4294966954
4294966954
4294966976
4294966954
4294966954
4294966954
4294966954
4294966954
4294966954
4294966954
4294966954
4294966954
4294966927
4294966954
4294966954
4294966976
4294966954
4294966954
4294966927
4294966954
4294966954
4294966954
4294966976
4294966954
4294966954
4294966954
4294966954
4294966954
4294966954
4294966954
4294966954
4294966954
4294966954
4294966954
4294966954
4294966954
4294966954
4294966954
4294965696
4294966927
4294966954
4294966954
4294966954
4294967056
4294966860
4294966954
4294966976
4294966954
4294966954
436
4294966954
4294966954
4294966954
4294966954
4294966096
4294966927
4294966976
4294966954
4294966954
4294967056
4294966896
4294966954
4294966954
4294966954
4294966996
369
4294966927
4294966976
4294966954
4294966954
1600
4294966927
------------
===========
n = 100
Ultrasonic Sensor
All values in cm
===========
Stdev: 26.44
Average: 147.00
Max: 296
Min: 133
------------
Values
287
296
295
152
134
137
148
137
149
136
149
136
150
137
149
135
150
136
148
136
149
136
150
135
150
134
151
134
151
136
150
135
150
136
150
135
136
150
137
148
137
148
138
133
152
134
151
134
152
135
150
135
137
149
137
148
137
148
137
149
137
149
136
149
137
148
137
148
137
150
136
149
138
147
139
147
140
146
139
146
140
145
140
146
140
145
140
145
140
146
139
146
139
146
141
144
141
145
142
144
------------
===========
distance = 250 cm
n = 100
Sharp Sensor
All values in cm
===========
Stdev: nan
Average: 4166117888.00
Max: 4294967056
Min: 533
------------
Values
4294967030
4294967030
4294966336
4294966996
4294966996
4294967030
4294967014
4294966696
4294966996
4294967014
4294967030
4294967014
4294967056
4294966996
4294967014
4294967014
4294967014
4294967030
533
4294967014
4294967014
4294967014
4294967014
4294966336
4294966996
4294967014
4294967030
4294967014
4294966696
4294966996
4294967014
4294967014
4294967030
4294967056
4294966976
4294967014
4294967014
4294967014
4294967014
533
4294966996
4294967014
4294967014
4294967030
4294966336
4294966996
4294967014
4294967014
4294967014
4294966696
4294966996
4294967014
4294967014
4294967014
4294967056
4294966976
4294967014
4294967014
4294967014
4294967014
533
4294966996
4294967014
4294967014
4294967014
4294967014
4294967014
4294967014
4294967014
4294967014
4294967030
4294967030
4294967030
4294967014
4294967014
4294967014
4294967014
4294966996
4294967014
4294966996
4294967014
4294967014
4294967014
4294967014
4294967014
4294967014
4294967014
4294967014
4294967014
4294967014
4294967014
4294967014
4294967014
4294967014
4294967014
4294967014
4294967014
4294967030
4294967014
4294967014
------------
===========
n = 100
Ultrasonic Sensor
All values in cm
===========
Stdev: 3.90
Average: 116.91
Max: 125
Min: 109
------------
Values
114
111
123
111
123
111
123
111
122
111
124
109
125
109
125
109
124
111
123
111
123
110
123
110
124
110
123
111
122
113
120
114
120
114
120
114
120
114
120
114
120
114
121
113
121
113
121
114
119
114
119
116
118
115
118
116
118
116
118
116
118
116
118
116
118
117
117
117
116
119
115
119
114
119
116
117
117
118
116
118
117
118
116
117
117
118
116
119
116
118
117
117
117
116
117
116
117
117
117
118
------------
===========
distance = 225 cm
n = 100
Sharp Sensor
All values in cm
===========
Stdev: nan
Average: 4037268480.00
Max: 4294967056
Min: 320
------------
Values
4294966927
4294967056
4294966860
4294966896
4294966896
4294966896
4294966896
320
4294966927
4294966896
4294966896
4294966896
4294962496
4294966860
4294966896
4294966896
4294966896
4294965696
4294966860
4294966896
4294966896
4294966896
4294967056
4294966816
4294966860
4294966896
4294966896
4294966896
342
4294966860
4294966896
4294966896
4294966896
4294962496
4294966896
4294966896
4294966896
4294966896
4294966816
4294966860
4294966896
4294966896
4294966896
4294967056
4294966763
4294966896
4294966896
4294966896
4294966896
436
4294966896
4294966896
4294966896
4294966896
4294962496
4294966896
4294966896
4294966896
4294966896
4294967056
4294966816
4294966896
4294966896
4294966927
4294966896
4294966927
4294966896
4294966896
4294966896
4294966927
436
4294966896
4294966896
4294966896
4294966896
4294964896
4294966860
4294966896
4294966896
4294966896
4294967056
4294966860
4294966927
4294966896
4294966896
4294966954
320
4294966896
4294966896
4294966896
4294966896
1600
4294966860
4294966896
4294966896
4294966896
4294965696
4294966860
4294966896
4294966896
------------
===========
n = 100
Ultrasonic Sensor
All values in cm
===========
Stdev: 35.79
Average: 117.51
Max: 222
Min: 84
------------
Values
214
222
220
221
221
221
218
212
220
221
128
85
127
85
128
84
128
85
126
87
126
86
126
86
126
88
124
88
123
90
121
91
121
92
119
93
119
93
119
94
117
95
117
96
116
96
116
97
115
98
115
96
116
97
115
97
114
98
114
98
114
99
113
99
113
99
112
101
111
102
110
103
111
101
110
102
110
102
110
103
109
103
108
104
108
105
106
106
106
106
106
108
104
109
103
108
105
108
103
110
------------
===========
distance = 200 cm
n = 100
Sharp Sensor
All values in cm
===========
Stdev: nan
Average: 171801696.00
Max: 4294966976
Min: 0
------------
Values
4800
4800
369
2400
4800
2400
4800
2400
2400
4800
2400
4800
4800
2400
2400
4800
2400
4800
4800
2400
4800
4800
2400
2400
2400
2400
4800
4800
2400
2400
2400
4800
4800
2400
2400
4800
2400
2400
2400
2400
2400
2400
2400
2400
2400
2400
4800
2400
2400
4294966896
1600
2400
4800
4800
4800
177
2400
4800
2400
4800
369
2400
4800
2400
2400
4294966976
1600
4800
2400
4800
4294966096
1200
4800
4800
4800
2400
177
2400
4800
4800
4800
369
2400
4800
2400
4800
4294966954
1600
4800
2400
2400
0
177
4800
4800
2400
4800
342
2400
4800
------------
===========
n = 100
Ultrasonic Sensor
All values in cm
===========
Stdev: 22.61
Average: 189.35
Max: 199
Min: 74
------------
Values
189
196
197
116
74
114
77
110
197
145
197
197
189
196
196
196
195
196
198
197
196
198
197
196
197
196
197
196
197
196
192
197
197
197
188
196
197
197
197
196
197
199
169
196
196
193
195
197
197
197
189
197
196
196
191
197
196
190
196
196
197
198
197
189
195
196
194
195
196
196
196
198
188
197
198
176
195
196
197
196
189
196
163
197
196
197
197
189
196
198
196
197
189
194
196
198
196
196
197
196
------------
===========
